29
73
120
142
99
105
114
136
136
126
143
21
163
15
22
58
145
14
12
39
107
87
120
17
132
118
120
58
107
110
16
16
107
124
91
73
3
92
119
112
73
92
98
104
59
100
149
126
88
14
15
97
9
95
86
118
115
91
5
45
91
99
109
117
81
89
70
94
58
49
73
90
71
115
8
87
121
90
96
73
21
64
16
101
88
113
64
79
98
99
74
107
109
83
74
73
48
48
119
50
77
65
76
58
62
73
94
29
101
90
63
89
87
47
5
115
79
76
54
75
84
22
65
91
59
19
72
89
27
96
101
96
26
97
75
99
80
60
60
15
99
48
85
63
82
84
97
96
101
48
7
105
120
50
39
83
58
97
31
70
65
63
29
66
69
88
64
83
71
99
44
64
72
90
68
86
17
97
73
82
81
45
108
105
53
50
78
72
104
92
18
53
60
106
114
96
80
92
110
80
96
68
55
67
60
67
20
56
52
60
97
108
110
20
77
115
94
68
84
88
59
1
101
74
97
85
30
94
103
58
55
71
67
97
84
60
80
54
70
64
91
23
78
72
67
43
74
69
57
11
65
44
74
49
88
82
80
81
87
65
97
52
82
49
109
75
33
55
29
16
50
69
84
58
66
47
53
106
101
82
104
62
93
64
93
83
37
79
27
94
83
120
80
0
40
32
104
85
55
64
74
56
70
59
80
60
76
74
46
40
1
83
77
53
76
37
84
17
99
25
76
39
90
55
62
74
59
88
73
99
84
57
51
26
37
72
49
44
93
69
26
61
50
84
106
92
40
66
53
81
51
50
53
59
39
62
77
60
32
41
55
68
51
70
70
85
90
67
71
67
64
47
54
83
26
55
18
80
56
35
69
59
74
15
67
56
49
60
41
53
66
74
54
33
51
56
71
96
88
45
39
61
77
57
58
69
99
83
53
58
82
21
84
27
53
65
71
69
60
68
50
79
64
63
35
34
46
61
74
51
63
57
80
43
80
64
41
62
41
70
61
47
52
69
41
57
78
50
69
68
16
65
58
44
53
33
6
16
56
41
82
47
75
24
69
68
52
63
66
79
79
23
68
66
68
45
39
75
62
80
40
22
48
18
5
51
45
36
33
79
48
79
91
22
58
38
32
37
50
28
44
63
22
45
72
59
50
54
8
51
61
43
82
48
44
28
40
45
57
52
66
38
43
74
79
69
64
28
66
25
84
53
40
38
58
64
40
19
52
37
58
52
62
52
68
28
49
29
25
68
53
41
8
77
48
32
56
78
43
38
45
62
42
71
17
72
24
47
23
38
52
91
59
32
44
59
41
48
40
58
27
40
67
20
44
72
36
64
67
10
58
27
46
54
48
84
40
62
67
78
44
36
62
45
63
59
50
48
40
35
35
73
41
9
73
41
60
57
39
40
61
70
77
47
82
88
68
42
26
30
47
56
22
77
53
32
32
18
36
45
57
63
38
61
53
33
59
43
48
53
72
37
59
34
58
45
41
60
66
45
35
86
35
54
72
55
58
63
65
58
29
52
64
68
51
60
28
47
53
35
76
62
61
20
51
47
35
31
24
21
48
26
45
48
66
38
64
60
65
49
53
58
53
64
27
50
54
60
37
7
20
28
47
42
42
52
41
47
41
51
50
74
49
27
42
40
13
14
64
44
60
76
67
37
35
47
47
66
56
28
42
44
75
64
27
29
42
53
39
29
52
39
55
40
63
67
37
40
64
32
44
74
60
50
25
39
34
29
37
63
43
24
48
52
42
64
37
45
59
66
67
52
56
73
20
50
77
35
53
54
72
47
31
36
24
18
42
70
69
52
41
25
61
61
35
35
62
43
46
82
35
45
40
63
58
53
20
52
60
68
62
7
18
20
15
53
47
63
13
49
4
50
32
57
41
34
28
51
61
40
68
39
37
43
41
35
52
57
22
58
38
59
25
58
61
34
39
65
60
37
66
30
58
39
55
27
41
51
39
33
66
22
33
58
40
23
48
42
55
39
52
34
50
47
44
44
67
65
38
67
69
8
49
53
49
41
13
65
53
79
58
32
20
69
42
14
40
66
61
46
21
43
40
30
52
53
40
42
26
36
44
38
34
53
51
59
28
48
47
45
27
46
44
57
53
47
51
32
61
36
33
41
30
45
53
67
49
59
62
20
28
49
54
26
24
50
40
56
18
7
50
41
41
31
67
48
11
34
53
48
54
63
42
47
43
35
36
23
72
23
60
48
34
18
18
47
44
32
42
29
63
52
48
36
53
25
27
62
49
28
23
36
1
18
42
38
35
33
60
56
31
22
31
32
36
51
42
31
17
40
45
54
35
61
31
45
32
38
36
37
64
59
34
18
37
17
49
39
39
43
62
44
45
26
40
37
26
38
52
43
35
52
52
34
41
32
41
72
49
29
34
22
60
41
30
24
59
55
53
17
60
45
44
53
42
51
35
40
26
70
48
60
49
26
56
54
29
56
49
57
48
59
45
58
51
45
62
30
28
37
56
48
39
57
41
46
42
20
40
39
47
44
67
38
68
38
44
40
27
32
27
36
33
51
51
33
43
43
53
43
61
22
54
33
52
52
35
43
29
28
29
38
21
38
31
19
42
65
34
44
50
54
58
25
35
51
34
52
45
32
46
33
41
45
46
46
36
30
26
31
38
48
34
53
29
53
58
41
20
22
37
45
55
38
36
45
18
16
44
29
50
38
31
32
23
41
39
39
46
19
53
39
58
69
37
31
55
53
26
43
39
53
49
26
67
23
76
13
59
33
47
21
18
45
50
50
50
56
33
40
15
37
30
30
51
30
30
29
45
49
33
37
55
39
40
42
30
35
60
45
41
48
45
40
54
45
55
32
26
44
40
49
23
16
38
43
46
0
65
42
56
29
60
19
44
38
40
50
33
26
38
48
29
43
37
42
63
35
66
4
55
34
49
38
28
39
54
46
45
45
20
34
44
14
2
34
43
51
36
37
40
54
35
36
44
59
32
35
5
54
30
69
47
52
30
23
30
53
23
41
54
30
47
26
14
48
48
28
54
43
42
36
19
47
37
36
33
29
43
28
52
31
32
43
45
29
64
61
22
38
40
53
47
37
10
26
36
41
35
28
51
45
70
43
31
29
26
31
41
29
28
32
48
48
38
30
42
36
39
54
70
38
54
34
41
60
55
37
28
49
43
34
44
50
14
34
31
33
30
28
24
29
35
49
38
44
42
26
34
53
36
53
45
55
36
48
18
47
39
46
64
33
31
33
40
40
42
41
37
32
33
48
35
49
45
23
39
33
59
33
44
39
34
49
72
44
32
31
36
28
32
30
51
31
42
14
39
32
27
15
29
22
58
66
52
19
39
28
26
31
51
32
21
41
28
38
35
52
28
27
43
31
47
20
29
31
35
25
43
46
54
43
47
48
51
49
31
41
44
31
13
30
23
27
30
49
28
36
33
48
34
41
55
18
26
25
66
43
50
34
42
45
28
35
30
56
53
52
34
48
46
30
50
44
13
42
52
47
45
50
29
54
46
19
45
33
25
23
29
40
26
36
34
41
44
29
55
47
24
41
34
51
49
34
35
55
35
15
24
47
33
21
63
35
50
46
30
31
22
44
37
39
34
39
36
32
49
50
58
24
50
48
68
48
49
40
45
46
25
36
50
27
23
37
34
48
30
40
40
51
44
39
47
24
16
40
9
11
42
26
30
30
38
43
48
40
46
18
19
44
37
29
27
44
27
37
26
30
33
53
51
23
43
16
31
32
13
32
8
31
23
54
52
34
41
46
39
35
50
39
15
54
43
33
19
23
27
41
16
34
56
29
46
64
44
49
53
28
33
49
39
28
24
52
19
32
42
34
16
33
28
46
19
25
53
46
48
32
37
41
36
33
38
43
40
34
36
31
54
46
19
32
23
37
46
44
27
37
44
48
43
29
43
35
46
38
33
35
26
54
26
35
29
30
47
37
43
23
41
32
28
41
43
46
26
18
29
34
23
41
43
31
52
45
28
34
51
40
31
27
30
46
22
33
44
48
42
56
46
52
46
47
31
17
29
41
43
25
21
33
20
32
43
27
35
25
29
44
36
29
33
44
32
33
29
45
20
27
29
55
42
31
44
43
33
49
44
24
43
54
25
47
24
28
40
30
54
34
38
14
32
43
58
35
41
13
46
41
25
36
38
44
49
36
37
23
27
51
30
25
22
48
23
40
32
17
46
37
56
24
43
44
31
42
41
46
42
44
31
47
28
53
14
44
30
12
42
47
39
40
47
29
32
39
26
44
19
35
29
46
45
19
48
30
44
33
10
30
28
24
45
6
28
21
39
39
29
40
31
46
29
25
42
29
29
33
36
25
21
14
23
32
51
39
29
43
51
17
42
40
43
43
22
33
24
30
47
35
22
27
27
34
28
20
25
36
21
33
38
36
31
41
34
25
22
49
46
32
20
34
46
39
32
28
27
20
19
28
40
34
22
47
35
29
44
27
25
22
24
39
11
43
12
40
35
15
44
6
27
25
21
19
48
45
25
33
24
45
50
41
34
30
29
37
27
46
25
40
44
18
54
35
33
35
30
29
23
38
35
38
29
33
29
47
48
20
37
29
24
48
24
47
43
11
49
51
44
50
27
27
34
45
48
40
19
28
27
40
38
44
47
27
33
44
29
44
31
19
26
29
32
26
28
31
48
32
47
41
47
52
33
26
32
48
45
47
30
38
30
48
36
23
35
34
38
53
32
34
38
18
29
43
23
37
44
34
20
56
36
40
53
24
39
39
30
35
31
37
45
24
24
20
20
41
47
25
45
44
40
34
38
22
38
46
30
37
27
25
35
20
26
23
24
21
35
55
44
32
34
25
47
35
22
53
26
56
33
48
44
23
9
32
23
14
35
19
19
26
29
23
36
30
37
43
38
33
38
24
35
49
41
39
35
17
45
24
39
26
38
29
46
20
41
27
39
37
44
23
27
26
36
26
26
48
43
42
37
31
36
27
47
25
14
29
39
23
51
17
36
42
44
38
30
48
53
20
44
16
30
39
48
40
40
30
49
47
36
40
36
25
50
41
36
33
27
26
26
25
31
19
35
24
48
45
43
33
40
26
22
34
28
29
41
41
30
33
55
28
32
28
49
47
42
15
27
30
29
37
19
35
16
37
29
32
25
28
16
31
35
35
22
36
32
41
25
33
18
18
21
44
24
30
43
25
22
29
42
10
19
33
36
36
8
31
36
21
41
25
33
34
33
33
18
33
32
30
41
25
21
6
28
19
36
27
19
29
26
36
6
20
27
16
22
42
22
18
40
20
29
29
47
38
36
23
33
37
29
45
30
28
47
34
26
10
41
26
20
15
23
41
38
42
47
28
39
20
25
21
38
27
36
26
42
37
26
23
38
44
32
33
23
14
18
28
47
27
44
27
37
24
19
19
36
33
37
22
43
46
34
23
49
36
36
45
36
32
19
17
39
28
31
43
24
12
27
35
28
42
30
29
37
37
43
26
58
42
34
29
39
42
37
33
29
15
35
32
40
30
39
28
34
31
22
25
25
22
33
23
41
22
36
27
23
38
36
12
32
28
42
25
38
14
41
22
32
51
29
31
45
31
23
27
38
21
33
32
33
38
22
20
20
42
24
36
28
38
39
32
24
45
31
34
26
34
24
37
14
29
36
42
20
32
7
30
18
26
23
45
17
41
27
33
35
40
44
33
35
35
48
14
42
29
15
43
25
30
32
37
43
42
33
41
29
27
33
29
30
25
31
32
43
25
18
44
44
22
44
23
46
36
38
16
52
22
22
41
38
34
30
44
36
37
28
22
22
35
27
37
34
12
21
26
29
39
35
20
22
41
39
36
37
36
37
47
26
32
32
46
38
15
20
28
43
20
28
35
42
23
20
23
40
13
44
29
35
28
30
47
38
39
34
29
36
14
35
20
23
44
13
32
13
41
22
47
21
32
37
35
30
42
28
30
33
35
37
29
34
23
41
24
36
41
31
37
2
33
50
37
29
16
22
47
29
21
25
23
26
35
33
15
41
31
30
21
27
8
39
23
43
32
29
27
23
30
15
11
28
36
36
36
34
28
42
34
14
35
39
38
38
20
41
28
36
20
34
37
40
15
16
34
15
24
27
9
17
29
34
29
33
38
39
24
33
28
43
31
16
40
19
15
28
31
29
11
36
25
34
29
25
25
23
20
24
28
32
42
27
22
20
29
39
45
18
22
47
23
35
33
33
30
20
40
42
33
39
34
35
36
22
22
36
30
36
30
26
41
34
12
24
38
26
36
29
24
40
17
33
36
16
41
26
31
19
23
23
27
26
31
33
33
44
41
39
38
27
25
24
27
26
41
42
24
24
53
40
26
22
32
26
39
39
21
22
32
37
26
29
42
26
18
48
31
33
23
30
20
36
46
30
34
23
51
26
31
34
37
33
30
32
40
31
19
41
37
27
32
28
26
53
40
25
34
41
27
26
26
22
31
31
29
28
36
29
19
34
26
33
29
34
31
32
18
27
21
23
24
17
26
19
40
22
35
35
25
33
36
30
37
29
22
34
39
3
44
40
38
46
43
6
37
23
28
22
17
10
21
30
30
40
30
16
25
29
25
34
40
31
33
19
42
21
25
44
19
32
27
25
35
34
23
40
14
25
36
32
22
45
22
34
30
37
34
30
31
28
39
32
22
20
25
21
18
14
23
26
21
29
40
26
24
28
25
30
35
31
32
25
39
32
27
37
45
36
29
33
26
42
33
31
36
24
22
22
24
23
13
24
31
34
26
28
31
29
35
32
24
17
47
30
31
26
16
32
36
34
25
32
42
25
26
31
55
31
39
32
27
21
26
34
13
28
13
36
19
18
25
24
37
27
39
25
28
39
20
26
21
32
31
43
41
9
42
30
31
36
33
29
32
26
40
29
28
16
30
25
20
23
20
24
26
13
35
17
29
35
28
32
21
34
48
26
36
30
46
47
18
28
22
41
19
24
21
35
16
16
42
34
40
30
27
29
38
33
21
36
39
39
35
28
32
34
21
35
32
15
18
21
32
27
42
24
28
25
36
38
38
29
13
27
23
30
25
23
29
32
34
34
34
22
17
18
23
24
37
33
36
40
24
30
30
21
23
15
29
4
45
28
29
23
21
45
15
41
29
33
14
25
32
20
16
0
26
25
45
18
23
41
49
27
36
16
24
27
36
41
22
27
18
36
30
27
21
33
36
39
29
30
25
26
31
36
36
21
23
23
28
23
34
31
26
33
30
20
7
35
13
24
27
17
24
15
31
28
29
33
39
26
37
40
24
29
38
38
39
23
38
15
32
17
34
32
36
43
45
40
26
28
32
48
48
21
26
16
34
38
29
33
19
26
27
35
18
36
30
36
17
24
36
26
27
29
41
27
29
28
20
26
29
29
40
16
26
31
29
26
18
41
27
31
23
35
21
45
27
24
36
17
35
31
37
28
36
41
22
19
31
30
32
32
25
21
22
23
39
15
24
38
19
32
35
36
34
30
27
30
42
37
17
32
22
24
42
18
17
38
38
29
34
34
33
37
16
31
24
36
28
26
38
30
24
48
35
31
29
14
37
24
20
22
29
23
29
19
19
39
29
21
36
34
27
30
39
23
30
13
31
31
22
20
34
27
34
37
14
22
32
31
22
31
22
26
33
35
33
45
20
30
20
27
27
12
21
33
29
21
22
19
24
16
22
18
35
29
13
25
28
27
23
22
44
21
33
35
22
28
28
19
30
31
28
26
32
29
32
27
32
21
25
25
28
23
22
41
28
35
34
23
38
33
13
42
33
28
23
34
26
35
25
34
33
29
16
21
24
29
31
31
35
34
36
38
36
31
31
32
21
28
31
33
31
26
20
24
15
32
26
27
35
15
10
23
30
27
25
24
36
4
40
35
25
2
21
21
12
45
27
37
35
24
36
20
32
28
18
24
36
33
29
31
13
38
31
25
31
37
32
39
22
29
19
16
21
16
42
34
14
12
32
19
24
32
24
34
25
28
30
38
41
29
42
16
26
40
20
39
19
35
32
29
29
23
36
22
38
35
40
29
20
25
20
20
22
30
27
29
30
24
30
31
27
19
12
11
18
22
29
8
40
34
19
28
17
17
30
24
14
26
37
34
28
15
34
30
36
42
36
21
24
41
27
33
41
21
17
21
29
19
29
19
41
19
7
14
43
22
41
32
26
12
32
29
17
28
23
12
17
29
35
20
17
41
35
14
29
20
33
22
19
30
31
45
31
17
42
19
36
29
38
33
21
16
29
28
13
32
27
27
40
35
29
36
30
36
24
27
32
26
30
31
19
17
20
25
37
40
46
32
28
10
38
40
20
24
20
21
24
20
37
20
33
27
20
33
31
25
22
19
37
42
34
28
21
23
42
19
36
19
32
28
42
15
25
32
28
37
39
35
17
42
36
24
25
25
33
32
24
26
28
33
33
21
26
27
29
35
16
36
25
17
19
36
22
20
24
30
38
22
24
35
38
20
35
23
33
31
34
38
29
38
33
11
34
29
14
34
26
28
21
36
36
30
14
34
28
30
30
31
16
24
13
27
26
30
23
37
22
30
30
17
34
31
27
21
23
40
22
23
25
31
10
24
30
13
32
23
27
34
16
33
30
23
34
28
30
24
26
29
25
41
27
31
30
26
6
28
20
27
7
29
35
28
22
24
35
28
27
15
33
49
14
29
14
37
18
31
15
27
20
9
23
19
26
36
24
29
32
21
27
36
31
31
23
22
32
35
34
27
24
22
24
38
22
21
33
18
26
23
30
33
35
26
22
16
29
34
27
23
16
29
35
22
28
29
22
34
26
35
14
25
16
24
36
16
38
30
25
31
15
22
34
19
35
24
25
30
43
34
37
31
26
18
38
27
21
37
24
27
22
17
33
30
31
33
32
26
21
33
32
35
29
27
40
38
8
26
32
35
28
20
26
18
19
31
26
21
14
34
30
25
21
24
14
25
33
18
22
29
24
26
32
29
18
16
17
25
38
16
30
22
21
29
22
29
17
33
35
22
36
24
23
25
15
18
38
17
14
18
14
17
23
